           1    0.333234    0.333234           0
           2    0.343382    0.338308  0.00507386
           3    0.319036    0.331884  0.00706041
           4    0.325946    0.330399  0.00520845
           5    0.322219    0.328763  0.00435355
           6    0.339815    0.330605  0.00400357
           7    0.346043    0.332811  0.00403888
           8    0.336894    0.333321  0.00353482
           9    0.315661    0.331359  0.00368354
          10    0.327908    0.331014  0.00331268
          11    0.327059    0.330654  0.00301793
          12     0.30515    0.328529  0.00347955
          13    0.311128     0.32719  0.00346934
          14    0.324403    0.326991  0.00321815
          15    0.354791    0.328845  0.00352284
          16    0.305769    0.327402   0.0035971
          17    0.320206    0.326979   0.0034053
          18    0.318359      0.3265  0.00324606
          19    0.340308    0.327227   0.0031553
          20    0.310582    0.326395  0.00310692
