           1    0.131214    0.131214           0
           2    -0.04338   0.0439168   0.0872968
           3    0.033704   0.0405125   0.0505157
           4   0.0499708   0.0428771   0.0357982
           5  -0.0229476   0.0297122   0.0306956
           6   0.0895456   0.0396844   0.0269739
           7    0.052908   0.0415735   0.0228753
           8    0.166004   0.0571273   0.0251869
           9   0.0462772   0.0559218   0.0222455
          10   -0.099912   0.0403384   0.0252731
          11    0.038942   0.0402115   0.0228607
          12  -0.0455388   0.0330656   0.0220584
          13   -0.181703    0.016545   0.0261658
          14  -0.0696368   0.0103891   0.0249947
          15   -0.084824  0.00404157   0.0241191
          16    0.161483   0.0138816   0.0246138
          17    0.140924   0.0213547   0.0242984
          18    0.033332   0.0220201   0.0229184
          19   0.0746188   0.0247885   0.0218547
          20   0.0850556   0.0278018    0.020951
