           1     78.5697     78.5697           0
           2     76.1835     77.3766     1.19309
           3     80.6967     78.4833     1.30355
           4     78.4936     78.4859    0.921756
           5     79.8088     78.7505    0.761436
           6     78.6436     78.7327    0.621966
           7     77.6689     78.5807    0.547182
           8     78.0422     78.5134    0.478631
           9       81.34     78.8274    0.526138
          10       79.44     78.8887    0.474561
          11     78.0524     78.8127    0.435938
          12     81.4748     79.0345    0.455613
          13     81.5035     79.2244    0.460128
          14      80.373     79.3065    0.433824
          15     76.3573     79.1099    0.449184
          16     81.1326     79.2363    0.438781
          17     79.9267     79.2769    0.414159
          18      80.074     79.3212    0.392975
          19     77.3068     79.2152    0.386542
          20     80.5035     79.2796    0.372321
