           1   -0.973449   -0.973449           0
           2    -0.97134   -0.972394   0.0010544
           3   -0.975598   -0.973462  0.00122908
           4   -0.973762   -0.973537 0.000872328
           5   -0.975006   -0.973831 0.000736828
           6   -0.973486   -0.973774 0.000604353
           7   -0.972392   -0.973576 0.000547579
           8   -0.973141   -0.973522 0.000477331
           9   -0.976334   -0.973834 0.000524286
          10   -0.974131   -0.973864 0.000469875
          11   -0.973478   -0.973829 0.000426461
          12   -0.976724    -0.97407 0.000457997
          13   -0.976657   -0.974269 0.000465917
          14   -0.975082   -0.974327 0.000435242
          15   -0.971319   -0.974127 0.000452096
          16   -0.976438   -0.974271 0.000446881
          17   -0.975346   -0.974334 0.000424511
          18   -0.975434   -0.974395 0.000404872
          19   -0.972449   -0.974293 0.000396438
          20   -0.976103   -0.974384 0.000386832
